2dca CYS_A_100 2dca_A_cavity_1.pdb 1 4.22 10.30 6.15 475.12 319.00 -801.00 Undruggable 99.99 9.00 7 144 0.05 242 1765 0.14 8 7 3 4 4 2 2 1 2 2 0 1 1 0 1 0 1 0 1 1 0 2 0 0 0 1 0 0 1 0 514 2769 0.19 13 14 3 4 7 6 2 1 4 2 0 2 1 0 1 0 1 0 1 3 1 2 0 0 0 3 0 0 2 0 1429 5212 0.27 24 19 11 13 9 8 6 5 6 4 0 2 4 0 2 0 1 3 1 5 1 3 0 0 1 3 1 0 3 0 1863 6558 0.28 29 27 12 15 12 12 6 6 10 5 1 4 4 0 2 0 2 3 1 7 1 3 0 0 2 4 2 0 3 0 5 7 0 0 3 4 0 0 2 0 0 0 0 0 0 0 0 0 0 0 0 0 0 0 0 0 0 0 0 0 11 5 8 9 2 2 4 4 2 2 2 2 2 2 2 2 2 2 2 2 2 2 2 2 2 2 2 2 2 2 5 8 1 2 3 4 0 1 4 1 1 1 1 1 1 1 1 1 1 1 1 1 1 1 1 1 1 1 1 1
2dca CYS_A_67 2dca_A_cavity_8.pdb 8 1.51 5.43 4.48 96.25 128.50 -1433.00 Undruggable 99.99 9.00 8 144 0.06 363 1464 0.25 7 9 1 3 1 6 1 0 3 2 1 0 1 0 0 0 1 0 0 0 0 0 1 0 0 5 0 1 0 0 574 2616 0.22 10 15 2 6 3 8 2 0 7 4 1 0 1 0 1 0 1 0 0 0 0 0 2 0 0 7 0 2 1 1 883 4007 0.22 15 23 3 8 7 11 3 0 11 5 3 0 1 0 2 2 2 0 0 1 0 0 3 0 1 7 0 2 1 1 1486 7090 0.21 28 38 7 15 13 17 5 2 17 6 5 1 3 0 2 2 4 2 0 3 3 0 3 1 2 9 0 3 1 1 3 6 1 3 2 2 1 0 4 2 2 2 2 2 2 2 2 2 2 2 2 2 2 2 2 2 2 2 2 2 5 8 1 2 4 3 1 0 4 1 1 1 1 1 1 1 1 1 1 1 1 1 1 1 1 1 1 1 1 1 13 15 4 7 6 6 2 2 6 1 1 1 1 1 1 1 1 1 1 1 1 1 1 1 1 1 1 1 1 1
2dca CYS_A_71 2dca_A_cavity_8.pdb 8 1.51 5.43 4.48 96.25 128.50 -1433.00 Undruggable 99.99 9.00 16 144 0.11 549 1391 0.39 9 8 2 1 5 4 2 0 1 0 0 0 0 0 2 1 1 0 0 0 1 0 0 0 1 4 0 0 0 0 767 2541 0.30 13 15 2 4 6 7 2 0 4 2 0 0 0 0 2 1 1 0 0 2 1 1 1 1 1 5 0 0 1 0 1076 3611 0.30 20 21 3 6 8 10 3 0 4 2 0 0 1 1 2 1 2 0 0 2 2 1 1 1 1 8 0 0 1 0 1760 5897 0.30 28 33 5 11 12 15 4 1 10 4 2 0 2 1 2 1 4 1 0 3 3 1 1 1 1 10 0 2 2 1 4 7 0 3 1 3 0 0 3 2 2 2 2 2 2 2 2 2 2 2 2 2 2 2 2 2 2 2 2 2 7 6 1 2 2 3 1 0 0 0 0 0 0 0 0 0 0 0 0 0 0 0 0 0 0 0 0 0 0 0 8 12 2 5 4 5 1 1 6 2 2 2 2 2 2 2 2 2 2 2 2 2 2 2 2 2 2 2 2 2
2dca CYS_A_62 2dca_A_cavity_4.pdb 4 2.74 7.64 5.24 287.00 242.00 -868.00 Undruggable 99.99 9.00 21 144 0.15 244 1749 0.14 7 8 2 5 4 1 1 1 3 2 0 0 0 0 1 0 2 0 1 0 1 1 0 0 1 1 0 1 0 1 650 2785 0.23 12 9 6 9 4 2 2 4 3 2 0 0 1 0 1 0 2 3 1 1 1 1 0 0 1 1 0 1 0 1 1169 4846 0.24 20 20 8 13 9 6 3 5 8 3 1 1 2 0 1 0 3 4 1 1 3 1 1 0 2 4 0 1 1 1 1484 6541 0.23 28 29 10 15 13 11 4 6 11 4 3 1 2 0 2 1 5 5 1 2 3 1 2 0 2 6 0 1 1 1 5 1 4 4 0 1 1 3 0 0 0 0 0 0 0 0 0 0 0 0 0 0 0 0 0 0 0 0 0 0 8 11 2 4 5 4 1 1 5 1 1 1 1 1 1 1 1 1 1 1 1 1 1 1 1 1 1 1 1 1 8 9 2 2 4 5 1 1 3 1 1 1 1 1 1 1 1 1 1 1 1 1 1 1 1 1 1 1 1 1
2dca CYS_A_63 2dca_A_cavity_4.pdb 4 2.74 7.64 5.24 287.00 242.00 -868.00 Undruggable 99.99 9.00 19 144 0.13 201 1165 0.17 5 6 1 3 3 1 1 0 2 1 0 0 1 0 0 0 2 0 0 0 1 0 0 0 0 1 0 1 0 1 396 2319 0.17 10 13 2 5 5 5 2 0 5 2 1 0 1 0 1 0 3 0 0 0 1 0 1 0 1 4 0 1 0 1 954 5165 0.18 20 25 6 14 7 10 3 3 11 6 3 0 2 0 1 1 3 2 1 1 2 1 3 0 2 6 0 2 0 1 1653 7316 0.23 29 34 10 17 12 15 4 6 15 6 4 1 2 0 2 1 3 5 1 3 3 1 3 0 2 8 0 2 2 1 5 7 1 2 2 4 1 0 3 1 1 1 1 1 1 1 1 1 1 1 1 1 1 1 1 1 1 1 1 1 10 12 4 9 2 5 1 3 6 4 4 4 4 4 4 4 4 4 4 4 4 4 4 4 4 4 4 4 4 4 9 9 4 3 5 5 1 3 4 0 0 0 0 0 0 0 0 0 0 0 0 0 0 0 0 0 0 0 0 0
2dca CYS_A_108 2dca_A_cavity_3.pdb 3 2.74 7.65 5.24 169.50 216.00 -493.00 Undruggable 99.99 9.00 9 144 0.06 369 1714 0.22 7 6 4 3 5 2 2 2 3 1 0 0 1 0 1 0 1 0 1 1 0 0 0 0 0 1 1 0 3 0 693 2740 0.25 11 11 5 5 9 2 3 2 5 2 0 0 1 1 2 1 1 0 1 1 1 0 1 0 0 1 1 0 4 0 1227 4548 0.27 19 20 7 9 12 6 3 4 8 4 0 1 1 1 2 1 2 0 2 3 2 0 2 1 0 3 2 0 4 0 1783 5873 0.30 26 27 8 13 13 9 4 4 9 6 0 1 2 1 2 2 2 0 2 4 2 2 2 2 0 5 2 0 4 0 4 5 1 2 4 0 1 0 2 1 1 1 1 1 1 1 1 1 1 1 1 1 1 1 1 1 1 1 1 1 8 9 2 4 3 4 0 2 3 2 2 2 2 2 2 2 2 2 2 2 2 2 2 2 2 2 2 2 2 2 7 7 1 4 1 3 1 0 1 2 2 2 2 2 2 2 2 2 2 2 2 2 2 2 2 2 2 2 2 2
2dca CYS_A_128 2dca_A_cavity_1.pdb 1 4.22 10.30 6.15 475.12 319.00 -801.00 Undruggable 99.99 9.00 40 144 0.28 452 1067 0.42 5 4 2 2 3 1 0 2 1 0 0 0 0 0 0 0 1 2 0 1 1 0 0 0 0 0 0 0 1 0 537 1841 0.29 9 6 4 4 5 1 1 3 1 1 0 0 0 0 1 0 2 2 1 1 1 1 0 0 0 0 0 0 1 0 808 3256 0.25 14 12 6 9 7 2 2 4 4 2 0 0 1 0 1 0 2 3 1 1 3 1 0 0 1 1 0 1 1 1 1259 4766 0.26 21 20 8 11 10 7 3 5 7 2 1 1 1 0 2 0 3 4 1 3 3 1 0 0 2 3 0 1 1 1 4 2 2 2 2 0 1 1 0 1 1 1 1 1 1 1 1 1 1 1 1 1 1 1 1 1 1 1 1 1 5 6 2 5 2 1 1 1 3 1 1 1 1 1 1 1 1 1 1 1 1 1 1 1 1 1 1 1 1 1 7 8 2 2 3 5 1 1 3 0 0 0 0 0 0 0 0 0 0 0 0 0 0 0 0 0 0 0 0 0
2dca CYS_A_252 2dca_A_cavity_2.pdb 2 2.93 7.98 5.35 242.88 193.75 -774.00 Undruggable 99.99 9.00 43 144 0.30 371 984 0.38 3 6 0 2 3 1 0 0 3 1 0 0 0 0 0 0 1 0 0 0 1 0 0 0 0 1 0 1 1 1 480 1507 0.32 5 8 1 4 3 2 0 1 4 3 0 0 0 0 0 0 1 0 0 1 1 0 1 0 0 1 1 1 1 1 667 2554 0.26 10 12 3 7 4 4 0 3 5 4 0 0 0 0 0 0 1 0 1 2 2 0 1 1 0 2 2 1 1 1 1332 4983 0.27 18 23 6 15 8 6 0 6 11 6 0 1 0 0 0 2 2 3 1 3 2 0 2 3 1 3 2 2 1 1 2 2 1 2 0 1 0 1 1 2 2 2 2 2 2 2 2 2 2 2 2 2 2 2 2 2 2 2 2 2 5 4 2 3 1 2 0 2 1 1 1 1 1 1 1 1 1 1 1 1 1 1 1 1 1 1 1 1 1 1 8 11 3 8 4 2 0 3 6 2 2 2 2 2 2 2 2 2 2 2 2 2 2 2 2 2 2 2 2 2
2dca CYS_A_148 2dca_A_cavity_2.pdb 2 2.93 7.98 5.35 242.88 193.75 -774.00 Undruggable 99.99 9.00 65 144 0.45 167 805 0.21 3 5 0 1 2 2 0 0 2 0 0 0 0 0 0 0 1 0 0 1 0 0 0 0 0 1 0 0 1 1 468 1623 0.29 6 10 0 3 4 3 0 0 4 2 0 0 0 0 0 0 1 0 0 2 2 0 1 0 0 1 0 1 1 1 698 2558 0.27 10 13 2 7 4 4 0 2 5 5 0 0 0 0 0 0 1 1 0 2 2 1 2 0 0 2 1 1 1 1 1025 4335 0.24 15 20 5 14 5 6 0 5 10 7 1 0 0 0 0 1 1 2 1 2 2 1 2 2 1 3 2 2 1 1 3 5 0 2 2 1 0 0 2 2 2 2 2 2 2 2 2 2 2 2 2 2 2 2 2 2 2 2 2 2 4 3 2 4 0 1 0 2 1 3 3 3 3 3 3 3 3 3 3 3 3 3 3 3 3 3 3 3 3 3 5 7 3 7 1 2 0 3 5 2 2 2 2 2 2 2 2 2 2 2 2 2 2 2 2 2 2 2 2 2
2dca CYS_A_43 2dca_A_cavity_2.pdb 2 2.93 7.98 5.35 242.88 193.75 -774.00 Undruggable 99.99 9.00 14 144 0.10 562 1845 0.31 8 8 3 4 5 2 1 2 3 1 0 1 0 0 1 2 1 0 1 2 0 0 0 2 0 0 1 0 0 0 804 2642 0.30 10 13 3 5 9 2 1 2 6 1 0 2 0 0 1 3 1 0 1 2 1 0 0 3 0 0 1 0 1 0 1003 3636 0.28 10 19 3 7 12 3 1 2 12 2 1 3 0 0 1 3 1 0 1 2 1 0 1 4 0 0 1 0 3 0 1855 6993 0.27 23 30 10 17 17 6 4 6 17 4 2 4 3 1 1 4 2 1 3 2 2 0 2 4 0 2 2 0 4 1 2 5 0 1 4 0 0 0 3 0 0 0 0 0 0 0 0 0 0 0 0 0 0 0 0 0 0 0 0 0 0 6 0 2 3 1 0 0 6 1 1 1 1 1 1 1 1 1 1 1 1 1 1 1 1 1 1 1 1 1 13 11 7 10 5 3 3 4 5 2 2 2 2 2 2 2 2 2 2 2 2 2 2 2 2 2 2 2 2 2
2dca CYS_A_132 2dca_A_cavity_1.pdb 1 4.22 10.30 6.15 475.12 319.00 -801.00 Undruggable 99.99 9.00 23 144 0.16 412 1385 0.30 6 7 1 3 4 1 1 0 2 2 0 0 1 0 0 0 1 0 0 1 1 2 0 0 0 0 0 0 2 0 879 2833 0.31 13 11 5 6 6 4 2 3 3 2 0 1 1 0 1 0 1 2 1 3 1 2 0 0 0 1 0 0 2 0 1122 3696 0.30 17 14 7 8 7 6 3 4 4 2 0 1 2 0 1 0 1 3 1 4 1 2 0 0 0 2 0 0 3 0 1502 5132 0.29 24 19 11 12 10 8 5 6 6 4 0 2 3 0 2 0 2 3 1 5 1 2 0 0 1 3 2 0 3 0 7 4 4 3 2 3 1 3 1 0 0 0 0 0 0 0 0 0 0 0 0 0 0 0 0 0 0 0 0 0 4 3 2 2 1 2 1 1 1 0 0 0 0 0 0 0 0 0 0 0 0 0 0 0 0 0 0 0 0 0 7 5 4 4 3 2 2 2 2 2 2 2 2 2 2 2 2 2 2 2 2 2 2 2 2 2 2 2 2 2
