3s3r CYS_A_28 3s3r_A_cavity_1.pdb 1 5.45 11.58 7.01 909.75 577.75 467.00 Hard 99.99 9.00 13 144 0.09 171 1416 0.12 7 7 1 4 1 3 0 1 1 2 0 0 0 1 0 0 1 0 1 2 0 1 0 0 0 1 0 1 0 0 784 3147 0.25 14 14 4 10 4 4 1 3 4 4 0 0 1 1 0 0 2 1 1 2 1 2 0 1 1 2 1 1 1 0 1502 5575 0.27 21 27 6 15 10 8 2 4 12 7 1 1 1 1 1 0 4 2 1 4 1 2 2 1 2 3 1 2 3 0 1928 7279 0.26 29 35 9 19 11 14 2 7 15 9 3 1 1 1 1 1 4 3 1 5 1 2 2 1 3 6 3 2 3 0 7 7 3 6 3 1 1 2 3 2 2 2 2 2 2 2 2 2 2 2 2 2 2 2 2 2 2 2 2 2 7 13 2 5 6 4 1 1 8 3 3 3 3 3 3 3 3 3 3 3 3 3 3 3 3 3 3 3 3 3 8 8 3 4 1 6 0 3 3 2 2 2 2 2 2 2 2 2 2 2 2 2 2 2 2 2 2 2 2 2
3s3r CYS_A_64 3s3r_A_cavity_10.pdb 10 1.89 6.11 4.72 186.50 164.25 -1275.00 Undruggable 99.99 9.00 22 144 0.15 396 1510 0.26 7 7 2 5 3 1 2 0 2 2 0 0 1 0 1 0 2 0 0 1 0 2 0 0 2 0 0 0 0 0 1039 2750 0.38 12 10 5 9 4 2 2 3 3 2 0 1 1 1 1 0 2 2 1 2 0 2 0 0 2 0 0 0 0 0 1408 4504 0.31 19 19 7 12 9 5 4 3 7 3 1 2 3 1 1 0 3 2 1 2 2 2 1 0 2 2 0 0 1 0 1866 6413 0.29 25 30 8 16 13 9 4 4 13 4 3 2 3 1 1 0 6 3 1 3 2 2 2 1 3 3 0 0 2 0 5 3 3 4 1 1 0 3 1 0 0 0 0 0 0 0 0 0 0 0 0 0 0 0 0 0 0 0 0 0 7 9 2 3 5 3 2 0 4 1 1 1 1 1 1 1 1 1 1 1 1 1 1 1 1 1 1 1 1 1 6 11 1 4 4 4 0 1 6 1 1 1 1 1 1 1 1 1 1 1 1 1 1 1 1 1 1 1 1 1
3s3r CYS_A_101 3s3r_A_cavity_8.pdb 8 2.14 6.56 4.87 264.38 267.75 -980.00 Undruggable 99.99 9.00 7 144 0.05 258 1706 0.15 8 8 2 4 5 1 2 0 2 2 0 1 1 1 1 0 1 0 0 0 1 2 0 0 0 1 0 0 1 0 528 2587 0.20 12 14 2 4 8 4 2 0 4 2 1 1 1 1 1 0 1 0 0 1 3 2 0 0 0 2 0 0 2 0 1855 5693 0.33 26 21 11 16 11 5 4 7 6 5 1 2 2 3 2 0 1 5 0 2 4 3 0 1 0 2 2 0 2 0 2143 6758 0.32 29 28 11 17 15 7 4 7 10 5 2 3 2 3 2 1 2 5 0 3 4 3 0 1 1 2 2 0 3 0 4 6 0 0 3 3 0 0 2 0 0 0 0 0 0 0 0 0 0 0 0 0 0 0 0 0 0 0 0 0 14 7 9 12 3 1 2 7 2 3 3 3 3 3 3 3 3 3 3 3 3 3 3 3 3 3 3 3 3 3 3 7 0 1 4 2 0 0 4 0 0 0 0 0 0 0 0 0 0 0 0 0 0 0 0 0 0 0 0 0
3s3r CYS_A_72 3s3r_A_cavity_10.pdb 10 1.89 6.11 4.72 186.50 164.25 -1275.00 Undruggable 99.99 9.00 13 144 0.09 518 1724 0.30 7 10 1 6 2 3 1 0 4 2 0 0 1 0 0 0 1 0 0 0 1 1 0 1 2 3 0 1 0 0 867 2940 0.30 11 14 3 10 3 4 1 2 6 4 0 0 1 0 0 0 1 1 1 1 1 2 1 1 2 3 0 1 1 0 1078 4144 0.26 17 22 3 11 6 8 1 2 8 4 0 1 1 1 0 0 2 1 1 3 1 2 1 1 2 5 0 1 2 0 1868 6138 0.30 24 32 5 16 9 12 1 4 13 5 2 1 1 1 0 0 5 2 2 4 1 2 1 2 3 6 0 2 2 0 4 4 2 4 1 1 0 2 2 2 2 2 2 2 2 2 2 2 2 2 2 2 2 2 2 2 2 2 2 2 6 8 0 1 3 4 0 0 2 0 0 0 0 0 0 0 0 0 0 0 0 0 0 0 0 0 0 0 0 0 7 10 2 5 3 4 0 2 5 1 1 1 1 1 1 1 1 1 1 1 1 1 1 1 1 1 1 1 1 1
3s3r CYS_A_16 3s3r_A_cavity_2.pdb 2 3.08 8.25 5.45 378.50 302.25 -905.00 Undruggable 99.99 9.00 15 144 0.10 489 1497 0.33 4 6 2 5 2 1 0 2 4 1 0 0 0 0 0 0 1 1 1 1 0 0 1 2 0 0 0 0 1 0 713 2066 0.35 7 9 3 5 4 3 1 2 5 1 1 0 0 0 1 1 1 1 1 1 0 0 1 2 0 1 0 0 1 0 1350 4621 0.29 20 17 8 12 5 8 1 7 5 1 1 0 0 2 1 1 1 3 4 5 1 0 1 2 0 2 0 0 1 0 1843 6967 0.26 27 26 12 20 8 10 4 8 11 3 2 1 2 2 2 1 1 4 4 5 1 2 1 4 0 3 0 0 2 1 3 3 1 0 2 2 1 0 1 0 0 0 0 0 0 0 0 0 0 0 0 0 0 0 0 0 0 0 0 0 13 8 5 7 1 5 0 5 0 0 0 0 0 0 0 0 0 0 0 0 0 0 0 0 0 0 0 0 0 0 7 9 4 8 3 2 3 1 6 2 2 2 2 2 2 2 2 2 2 2 2 2 2 2 2 2 2 2 2 2
3s3r CYS_A_130 3s3r_A_cavity_10.pdb 10 1.89 6.11 4.72 186.50 164.25 -1275.00 Undruggable 99.99 9.00 46 144 0.32 598 1168 0.51 5 4 2 3 2 1 0 2 1 0 0 0 0 1 0 0 1 1 1 1 0 0 0 0 0 0 0 0 1 0 689 1872 0.37 9 7 3 5 4 1 1 2 1 2 0 0 0 1 1 0 2 1 1 1 0 2 0 0 0 0 0 0 1 0 1125 3277 0.34 14 12 6 10 7 1 3 3 4 2 0 1 2 1 1 0 2 2 1 1 2 2 0 0 2 0 0 0 1 0 1518 4582 0.33 19 18 8 12 10 4 4 4 7 2 1 2 3 1 1 0 3 3 1 2 2 2 0 0 2 1 0 0 2 0 4 3 1 2 2 0 1 0 0 2 2 2 2 2 2 2 2 2 2 2 2 2 2 2 2 2 2 2 2 2 5 5 3 5 3 0 2 1 3 0 0 0 0 0 0 0 0 0 0 0 0 0 0 0 0 0 0 0 0 0 5 6 2 2 3 3 1 1 3 0 0 0 0 0 0 0 0 0 0 0 0 0 0 0 0 0 0 0 0 0
3s3r CYS_A_68 3s3r_A_cavity_10.pdb 10 1.89 6.11 4.72 186.50 164.25 -1275.00 Undruggable 99.99 9.00 13 144 0.09 522 1410 0.37 5 8 1 3 2 4 1 0 4 1 1 0 1 0 0 0 1 0 0 1 0 0 1 1 0 2 0 0 1 0 757 2525 0.30 8 15 1 8 2 6 1 0 8 3 1 0 1 0 0 0 1 0 0 1 0 1 2 1 3 4 0 0 1 0 1063 3784 0.28 13 21 3 11 4 9 3 0 11 4 2 0 2 0 1 0 2 0 0 2 0 1 3 1 4 5 0 0 1 0 1579 6542 0.24 23 34 7 16 11 14 6 1 18 4 4 3 4 0 2 0 4 1 0 3 1 1 3 2 4 7 0 0 1 1 3 7 0 5 0 2 0 0 4 2 2 2 2 2 2 2 2 2 2 2 2 2 2 2 2 2 2 2 2 2 5 6 2 3 2 3 2 0 3 1 1 1 1 1 1 1 1 1 1 1 1 1 1 1 1 1 1 1 1 1 10 13 4 5 7 5 3 1 7 0 0 0 0 0 0 0 0 0 0 0 0 0 0 0 0 0 0 0 0 0
3s3r CYS_A_65 3s3r_A_cavity_10.pdb 10 1.89 6.11 4.72 186.50 164.25 -1275.00 Undruggable 99.99 9.00 16 144 0.12 388 1144 0.34 6 6 1 3 2 2 1 0 1 1 0 0 1 0 0 0 2 0 0 2 0 1 0 0 1 0 0 0 0 0 591 2221 0.27 9 12 2 5 5 4 2 0 5 2 1 0 1 0 1 0 3 0 0 2 0 1 1 0 2 1 0 0 1 0 1162 4855 0.24 17 25 5 13 8 9 4 1 13 5 3 1 2 0 2 0 3 1 0 2 1 2 3 2 3 4 0 0 1 0 2052 7331 0.28 25 36 8 19 12 13 4 4 19 5 4 3 2 1 2 0 4 3 1 3 1 2 3 2 4 6 0 0 2 1 3 6 1 2 3 2 1 0 4 1 1 1 1 1 1 1 1 1 1 1 1 1 1 1 1 1 1 1 1 1 8 13 3 8 3 5 2 1 8 3 3 3 3 3 3 3 3 3 3 3 3 3 3 3 3 3 3 3 3 3 8 11 3 6 4 4 0 3 6 0 0 0 0 0 0 0 0 0 0 0 0 0 0 0 0 0 0 0 0 0
3s3r CYS_A_134 3s3r_A_cavity_8.pdb 8 2.14 6.56 4.87 264.38 267.75 -980.00 Undruggable 99.99 9.00 20 144 0.14 478 1500 0.32 8 6 2 5 3 0 1 1 0 2 0 0 1 1 0 0 1 1 0 0 2 2 0 0 0 0 0 0 0 0 1149 2985 0.39 14 10 6 9 6 1 2 4 2 2 0 1 1 2 1 0 1 4 0 0 2 2 0 0 0 1 0 0 1 0 1439 3893 0.37 18 14 7 11 9 1 2 5 3 2 0 1 1 3 1 0 1 5 0 0 4 2 0 0 0 1 0 0 2 0 1790 5431 0.33 25 21 10 14 13 4 3 7 6 4 1 2 1 3 2 0 3 5 0 1 4 2 0 1 0 2 2 0 2 0 6 4 4 4 3 1 1 3 2 0 0 0 0 0 0 0 0 0 0 0 0 0 0 0 0 0 0 0 0 0 4 4 1 2 3 0 0 1 1 0 0 0 0 0 0 0 0 0 0 0 0 0 0 0 0 0 0 0 0 0 7 7 3 3 4 3 1 2 3 2 2 2 2 2 2 2 2 2 2 2 2 2 2 2 2 2 2 2 2 2
3s3r CYS_A_120 3s3r_A_cavity_1.pdb 1 5.45 11.58 7.01 909.75 577.75 467.00 Hard 99.99 9.00 16 144 0.12 461 1400 0.33 6 5 3 3 3 2 1 2 2 1 0 0 1 0 0 0 1 0 1 1 0 0 0 0 0 1 1 0 2 0 739 2154 0.34 10 6 6 5 4 3 2 4 2 1 0 0 1 0 1 0 1 2 1 2 0 0 0 0 0 1 1 0 2 0 1221 4085 0.30 18 16 7 11 8 4 2 5 5 5 0 0 1 1 1 1 2 2 1 3 1 2 1 1 0 1 2 0 3 0 1794 5783 0.31 25 21 11 17 9 6 3 8 7 8 0 0 1 1 2 1 2 4 2 3 1 3 2 1 0 3 2 1 3 0 4 1 3 2 1 1 1 2 0 0 0 0 0 0 0 0 0 0 0 0 0 0 0 0 0 0 0 0 0 0 8 10 1 6 4 1 0 1 3 4 4 4 4 4 4 4 4 4 4 4 4 4 4 4 4 4 4 4 4 4 7 5 4 6 1 2 1 3 2 3 3 3 3 3 3 3 3 3 3 3 3 3 3 3 3 3 3 3 3 3
3s3r CYS_A_109 3s3r_A_cavity_1.pdb 1 5.45 11.58 7.01 909.75 577.75 467.00 Hard 99.99 9.00 8 144 0.06 383 2018 0.19 9 6 5 5 5 1 2 3 2 2 0 0 1 0 1 1 1 1 1 1 0 1 0 0 0 0 1 0 2 0 582 2501 0.23 10 9 5 6 6 2 2 3 4 3 0 0 1 0 1 1 1 1 1 1 0 1 1 0 0 1 1 0 3 0 1434 5314 0.27 23 17 12 16 9 4 5 7 6 7 0 0 3 1 2 1 2 3 2 2 1 2 2 0 0 2 2 1 3 0 2045 6731 0.30 29 23 14 21 9 7 5 9 8 8 0 0 3 1 2 1 2 5 2 4 1 3 2 2 0 3 2 1 3 0 1 3 0 1 1 1 0 0 2 1 1 1 1 1 1 1 1 1 1 1 1 1 1 1 1 1 1 1 1 1 13 8 7 10 3 2 3 4 2 4 4 4 4 4 4 4 4 4 4 4 4 4 4 4 4 4 4 4 4 4 6 6 2 5 0 3 0 2 2 1 1 1 1 1 1 1 1 1 1 1 1 1 1 1 1 1 1 1 1 1
3s3r CYS_A_45 3s3r_A_cavity_2.pdb 2 3.08 8.25 5.45 378.50 302.25 -905.00 Undruggable 99.99 9.00 14 144 0.10 558 2263 0.25 12 10 3 5 3 5 1 2 1 0 0 0 0 2 1 1 1 0 2 3 0 0 0 1 0 2 0 0 0 0 1041 3419 0.30 15 14 5 9 4 6 1 4 4 0 0 1 0 2 1 1 1 2 2 4 0 0 0 2 0 2 0 0 0 1 1247 4503 0.28 17 19 6 13 5 7 2 4 8 2 1 1 1 2 1 1 1 2 2 4 0 1 1 3 0 2 0 0 1 1 1983 7133 0.28 26 27 12 21 8 10 3 9 13 4 2 2 2 2 1 2 1 4 4 5 0 1 2 3 1 3 1 0 2 1 3 4 2 4 1 1 0 2 3 0 0 0 0 0 0 0 0 0 0 0 0 0 0 0 0 0 0 0 0 0 2 5 1 4 1 1 1 0 4 2 2 2 2 2 2 2 2 2 2 2 2 2 2 2 2 2 2 2 2 2 9 8 6 8 3 3 1 5 5 2 2 2 2 2 2 2 2 2 2 2 2 2 2 2 2 2 2 2 2 2
