3hhi CYS_A_136 3hhi_A_cavity_7.pdb 7 2.43 7.09 5.05 180.00 170.50 -1311.00 Undruggable 99.99 9.00 14 144 0.10 480 1445 0.33 7 6 3 2 3 4 2 1 2 1 1 0 0 0 2 0 1 0 1 1 0 0 1 0 0 2 0 0 0 0 701 2439 0.29 10 11 4 5 5 5 3 1 5 3 1 0 0 0 3 0 1 0 1 1 0 1 2 0 1 3 0 0 1 0 841 3471 0.24 13 17 5 7 7 8 4 1 9 4 3 0 0 0 4 0 2 0 1 1 0 1 2 0 2 4 0 1 1 0 1432 6250 0.23 24 33 7 12 12 16 6 1 16 4 6 0 1 0 5 1 3 0 1 4 2 1 2 1 4 6 0 1 1 1 3 5 1 3 2 1 1 0 3 2 2 2 2 2 2 2 2 2 2 2 2 2 2 2 2 2 2 2 2 2 3 6 1 2 2 3 1 0 4 1 1 1 1 1 1 1 1 1 1 1 1 1 1 1 1 1 1 1 1 1 11 16 2 5 5 8 2 0 7 0 0 0 0 0 0 0 0 0 0 0 0 0 0 0 0 0 0 0 0 0
3hhi CYS_A_133 3hhi_A_cavity_5.pdb 5 2.68 7.53 5.20 155.50 167.75 -838.00 Undruggable 99.99 9.00 13 144 0.09 315 1090 0.29 5 6 1 2 3 2 1 0 2 1 1 0 0 0 1 0 2 0 0 1 0 1 0 0 1 0 0 0 0 0 675 2547 0.27 11 12 4 5 6 5 3 1 5 2 2 0 0 0 3 0 3 0 1 1 0 1 1 0 2 2 0 0 0 0 1255 4943 0.25 21 26 6 9 10 13 5 1 11 5 5 0 0 0 5 0 3 0 1 2 2 2 2 0 3 6 0 1 0 0 1813 6839 0.27 27 35 8 13 14 16 6 2 16 5 6 0 0 1 6 0 4 1 1 4 2 2 2 1 3 6 0 1 2 1 6 6 3 3 3 3 2 1 3 1 1 1 1 1 1 1 1 1 1 1 1 1 1 1 1 1 1 1 1 1 10 14 2 4 4 8 2 0 6 3 3 3 3 3 3 3 3 3 3 3 3 3 3 3 3 3 3 3 3 3 6 9 2 4 4 3 1 1 5 0 0 0 0 0 0 0 0 0 0 0 0 0 0 0 0 0 0 0 0 0
3hhi CYS_A_132 3hhi_A_cavity_5.pdb 5 2.68 7.53 5.20 155.50 167.75 -838.00 Undruggable 99.99 9.00 22 144 0.16 322 1396 0.23 6 7 2 3 4 2 2 0 3 1 1 0 0 0 2 0 2 0 0 1 0 1 0 0 2 0 0 0 0 0 889 2474 0.36 11 11 4 6 6 3 3 1 4 2 1 0 0 1 3 0 2 1 0 1 0 2 0 0 2 1 0 0 1 0 1228 4115 0.30 18 22 4 8 11 7 3 1 8 3 2 1 0 1 3 0 3 1 0 2 3 2 1 0 3 3 0 0 1 0 1781 6024 0.30 26 31 7 10 17 11 5 2 12 4 4 1 0 1 5 1 5 1 1 3 3 2 1 0 3 4 0 1 2 0 5 4 2 3 2 1 1 1 1 1 1 1 1 1 1 1 1 1 1 1 1 1 1 1 1 1 1 1 1 1 7 11 0 2 5 4 0 0 4 1 1 1 1 1 1 1 1 1 1 1 1 1 1 1 1 1 1 1 1 1 8 9 3 2 6 4 2 1 4 1 1 1 1 1 1 1 1 1 1 1 1 1 1 1 1 1 1 1 1 1
3hhi CYS_A_97 3hhi_A_cavity_3.pdb 3 3.89 9.71 5.95 837.25 508.50 -419.00 Undruggable 99.99 9.00 17 144 0.12 146 1080 0.14 5 7 0 2 1 4 0 0 2 1 1 0 0 1 0 0 1 0 0 2 0 0 0 0 0 1 0 1 0 0 642 2501 0.26 11 15 1 5 6 5 1 0 5 3 1 0 0 1 1 1 2 0 0 2 1 1 0 0 1 2 0 2 1 0 1276 5211 0.24 20 28 5 10 14 9 3 2 13 8 3 1 0 1 3 2 4 0 0 3 1 1 2 0 1 3 2 3 3 0 1889 7348 0.26 29 40 7 14 16 17 3 4 18 10 6 1 0 2 3 3 4 0 0 5 1 1 2 0 2 6 4 3 4 0 6 8 1 3 5 1 1 0 3 2 2 2 2 2 2 2 2 2 2 2 2 2 2 2 2 2 2 2 2 2 9 13 4 5 8 4 2 2 8 5 5 5 5 5 5 5 5 5 5 5 5 5 5 5 5 5 5 5 5 5 9 12 2 4 2 8 0 2 5 2 2 2 2 2 2 2 2 2 2 2 2 2 2 2 2 2 2 2 2 2
3hhi CYS_A_170 3hhi_A_cavity_1.pdb 1 5.26 11.83 7.03 534.00 401.75 -376.00 Undruggable 99.99 9.00 8 144 0.06 399 1955 0.20 8 9 3 4 5 3 1 2 4 4 1 0 0 0 1 1 1 0 0 2 0 1 0 0 0 0 2 1 2 0 642 2841 0.23 10 14 3 7 6 4 1 2 7 6 1 0 0 1 1 1 1 0 0 3 0 1 1 0 0 0 2 2 3 0 1166 4655 0.25 19 23 5 12 8 8 2 3 9 9 1 0 1 2 1 1 2 0 0 6 1 1 2 0 0 1 3 3 3 0 2016 6211 0.32 26 30 7 16 10 11 2 5 11 10 2 0 1 2 1 3 2 2 0 7 1 2 2 1 0 2 3 3 3 0 2 5 0 3 1 1 0 0 3 2 2 2 2 2 2 2 2 2 2 2 2 2 2 2 2 2 2 2 2 2 9 9 2 5 2 4 1 1 2 3 3 3 3 3 3 3 3 3 3 3 3 3 3 3 3 3 3 3 3 3 7 7 2 4 2 3 0 2 2 1 1 1 1 1 1 1 1 1 1 1 1 1 1 1 1 1 1 1 1 1
3hhi CYS_A_197 3hhi_A_cavity_4.pdb 4 3.57 9.12 5.75 192.50 180.25 -981.00 Undruggable 99.99 9.00 15 144 0.11 547 1249 0.44 4 6 2 1 7 0 2 0 4 0 0 1 0 0 2 0 1 0 0 0 1 0 0 1 0 0 0 0 2 0 1071 2326 0.46 8 12 2 4 10 0 2 0 6 2 0 3 0 1 2 0 1 0 0 0 2 2 0 1 0 0 0 0 2 0 1234 2785 0.44 10 14 3 4 12 1 3 0 7 2 0 3 0 1 3 0 1 0 0 1 2 2 0 1 0 0 0 0 3 0 1467 3891 0.38 16 19 5 6 16 2 5 0 8 3 0 3 0 1 5 1 2 0 0 2 2 3 0 1 1 0 0 0 3 0 4 6 0 3 3 0 0 0 2 2 2 2 2 2 2 2 2 2 2 2 2 2 2 2 2 2 2 2 2 2 2 2 1 0 2 1 1 0 1 0 0 0 0 0 0 0 0 0 0 0 0 0 0 0 0 0 0 0 0 0 6 5 2 2 4 1 2 0 1 1 1 1 1 1 1 1 1 1 1 1 1 1 1 1 1 1 1 1 1 1
3hhi CYS_A_162 3hhi_A_cavity_4.pdb 4 3.57 9.12 5.75 192.50 180.25 -981.00 Undruggable 99.99 9.00 12 144 0.09 427 1319 0.32 6 6 2 2 5 1 2 0 2 1 0 1 0 1 2 0 1 0 0 1 0 1 0 0 0 0 0 0 1 0 860 2262 0.38 8 11 3 3 10 1 3 0 6 1 0 3 0 1 3 0 1 0 0 1 1 1 0 1 0 0 0 0 2 0 1477 3981 0.37 16 18 6 8 14 2 5 1 8 5 0 3 0 1 5 1 1 0 0 2 1 4 0 1 1 0 1 0 3 0 1718 5033 0.34 19 25 6 9 18 4 5 1 12 5 1 4 0 1 5 1 2 0 0 2 2 4 0 2 1 1 1 0 4 0 2 5 1 1 5 0 1 0 4 0 0 0 0 0 0 0 0 0 0 0 0 0 0 0 0 0 0 0 0 0 8 7 3 5 4 1 2 1 2 4 4 4 4 4 4 4 4 4 4 4 4 4 4 4 4 4 4 4 4 4 3 7 0 1 4 2 0 0 4 0 0 0 0 0 0 0 0 0 0 0 0 0 0 0 0 0 0 0 0 0
3hhi CYS_A_183 3hhi_A_cavity_3.pdb 3 3.89 9.71 5.95 837.25 508.50 -419.00 Undruggable 99.99 9.00 16 144 0.11 384 1472 0.26 5 8 1 3 3 3 0 1 4 2 1 0 0 1 0 0 1 0 0 2 0 0 0 0 0 0 1 1 2 0 749 2285 0.33 10 10 4 5 5 4 1 3 4 4 1 0 0 1 1 1 1 0 0 3 0 0 0 0 0 0 3 1 2 0 1061 3822 0.28 16 19 4 9 8 6 1 3 7 7 1 0 0 2 1 2 2 0 0 5 0 1 1 0 0 0 3 2 3 0 1598 5358 0.30 22 26 6 14 8 10 2 4 10 10 2 0 1 2 1 2 2 1 0 6 0 2 2 0 0 2 3 3 3 0 5 2 3 2 2 1 1 2 0 2 2 2 2 2 2 2 2 2 2 2 2 2 2 2 2 2 2 2 2 2 6 9 0 4 3 2 0 0 3 3 3 3 3 3 3 3 3 3 3 3 3 3 3 3 3 3 3 3 3 3 6 7 2 5 0 4 1 1 3 3 3 3 3 3 3 3 3 3 3 3 3 3 3 3 3 3 3 3 3 3
3hhi CYS_A_193 3hhi_A_cavity_5.pdb 5 2.68 7.53 5.20 155.50 167.75 -838.00 Undruggable 99.99 9.00 24 144 0.17 526 1038 0.51 4 4 2 2 3 1 1 1 2 1 1 0 0 0 1 0 1 1 0 0 0 1 0 0 0 0 0 0 1 0 600 1537 0.39 7 6 3 3 5 1 2 1 2 2 1 0 0 0 2 0 2 1 0 0 0 2 0 0 0 0 0 0 1 0 922 2631 0.35 12 13 3 6 7 3 2 1 4 2 1 0 0 1 2 0 2 1 0 1 2 2 0 0 2 1 0 0 1 0 1526 4537 0.34 21 23 6 7 15 7 5 1 8 2 2 1 0 1 5 1 3 1 0 2 3 2 0 0 3 3 0 0 2 0 3 2 1 1 2 0 1 0 0 1 1 1 1 1 1 1 1 1 1 1 1 1 1 1 1 1 1 1 1 1 5 7 0 3 2 2 0 0 2 0 0 0 0 0 0 0 0 0 0 0 0 0 0 0 0 0 0 0 0 0 9 10 3 1 8 4 3 0 4 0 0 0 0 0 0 0 0 0 0 0 0 0 0 0 0 0 0 0 0 0
3hhi CYS_A_140 3hhi_A_cavity_3.pdb 3 3.89 9.71 5.95 837.25 508.50 -419.00 Undruggable 99.99 9.00 17 144 0.12 527 1456 0.36 8 8 2 2 5 3 2 0 2 2 0 0 0 0 2 1 1 0 0 0 1 0 0 0 0 3 0 2 0 0 719 2469 0.29 10 14 2 5 6 5 2 0 6 4 1 0 0 0 2 1 1 0 0 1 1 1 1 0 1 3 0 2 1 0 1073 3819 0.28 16 23 2 6 9 10 2 0 9 4 3 0 0 1 2 2 2 0 0 2 1 1 1 0 1 5 0 2 2 0 1608 5645 0.28 24 33 4 9 14 14 3 1 13 5 4 1 0 1 3 2 5 1 0 3 1 1 1 0 2 7 0 3 2 0 2 6 0 3 1 2 0 0 4 2 2 2 2 2 2 2 2 2 2 2 2 2 2 2 2 2 2 2 2 2 6 9 0 1 3 5 0 0 3 0 0 0 0 0 0 0 0 0 0 0 0 0 0 0 0 0 0 0 0 0 8 10 2 3 5 4 1 1 4 1 1 1 1 1 1 1 1 1 1 1 1 1 1 1 1 1 1 1 1 1
